Well	Plate	OD	pred_conc	Fly 	DF	A	B	C
g1	2	0.006	684.17	1	1	2	3	4
g1	2	0.006	684.17	1	2	2	2	0
g1	2	0.006	684.17	1	4	2	1	0
g1	2	0.006	684.17	1	8	0	1	0
g1	2	0.006	684.17	1	16	0	0	0
g2	2	0.006	684.17	2	1	6	9	6
g2	2	0.006	684.17	2	2	5	4	2
g2	2	0.006	684.17	2	4	0	2	2
g2	2	0.006	684.17	2	8	1	2	1
g2	2	0.006	684.17	2	16	2	0	2
g3	2	0.006	684.17	3	1	5	5	8
g3	2	0.006	684.17	3	2	2	3	5
g3	2	0.006	684.17	3	4	5	0	0
g3	2	0.006	684.17	3	8	1	0	0
g3	2	0.006	684.17	3	16	1	1	0
g4	2	0.006	684.17	4	1	3	3	2
g4	2	0.006	684.17	4	2	1	1	0
g4	2	0.006	684.17	4	4	1	0	0
g4	2	0.006	684.17	4	8	0	0	0
g4	2	0.006	684.17	4	16	0	0	0
g5	2	0.006	684.17	5	1	1	2	10
g5	2	0.006	684.17	5	2	2	1	0
g5	2	0.006	684.17	5	4	0	0	2
g5	2	0.006	684.17	5	8	1	0	1
g5	2	0.006	684.17	5	16	1	0	1
g6	2	0.006	684.17	6	1	11	5	11
g6	2	0.006	684.17	6	2	2	4	6
g6	2	0.006	684.17	6	4	1	2	0
g6	2	0.006	684.17	6	8	1	2	1
g6	2	0.006	684.17	6	16	0	0	0
g7	2	0.006	684.17	7	1	9	10	14
g7	2	0.006	684.17	7	2	5	4	4
g7	2	0.006	684.17	7	4	2	2	2
g7	2	0.006	684.17	7	8	0	1	2
g7	2	0.006	684.17	7	16	0	1	0
g8	2	0.006	684.17	8	1	4	3	6
g8	2	0.006	684.17	8	2	4	0	2
g8	2	0.006	684.17	8	4	0	3	0
g8	2	0.006	684.17	8	8	2	0	0
g8	2	0.006	684.17	8	16	0	0	0
g9	2	0.006	684.17	9	1	8	6	11
g9	2	0.006	684.17	9	2	4	5	2
g9	2	0.006	684.17	9	4	2	0	3
g9	2	0.006	684.17	9	8	0	1	0
g9	2	0.006	684.17	9	16	0	1	1
g10	2	0.006	684.17	10	1	9	11	4
g10	2	0.006	684.17	10	2	2	1	0
g10	2	0.006	684.17	10	4	2	0	0
g10	2	0.006	684.17	10	8	0	0	0
g10	2	0.006	684.17	10	16	0	0	0
g11	2	0.006	684.17	11	1	11	7	5
g11	2	0.006	684.17	11	2	2	5	4
g11	2	0.006	684.17	11	4	1	2	5
g11	2	0.006	684.17	11	8	1	0	1
g11	2	0.006	684.17	11	16	0	1	0
g12	2	0.006	684.17	12	1	6	9	6
g12	2	0.006	684.17	12	2	3	0	1
g12	2	0.006	684.17	12	4	2	2	1
g12	2	0.006	684.17	12	8	0	0	0
g12	2	0.006	684.17	12	16	0	0	0
b1	2	0.06	6841.72	13	1	NA	NA	NA
b1	2	0.06	6841.72	13	2	27	22	37
b1	2	0.06	6841.72	13	4	10	4	13
b1	2	0.06	6841.72	13	8	7	2	6
b1	2	0.06	6841.72	13	16	1	2	5
b2	2	0.06	6841.72	14	1	NA	NA	NA
b2	2	0.06	6841.72	14	2	39	35	39
b2	2	0.06	6841.72	14	4	28	19	27
b2	2	0.06	6841.72	14	8	6	5	8
b2	2	0.06	6841.72	14	16	3	9	2
b3	2	0.06	6841.72	15	1	NA	NA	NA
b3	2	0.06	6841.72	15	2	39	28	32
b3	2	0.06	6841.72	15	4	22	14	9
b3	2	0.06	6841.72	15	8	11	5	1
b3	2	0.06	6841.72	15	16	6	1	1
b4	2	0.06	6841.72	16	1	NA	NA	NA
b4	2	0.06	6841.72	16	2	48	35	50
b4	2	0.06	6841.72	16	4	21	25	17
b4	2	0.06	6841.72	16	8	11	9	9
b4	2	0.06	6841.72	16	16	10	4	3
b5	2	0.06	6841.72	17	1	NA	NA	NA
b5	2	0.06	6841.72	17	2	29	32	21
b5	2	0.06	6841.72	17	4	12	9	21
b5	2	0.06	6841.72	17	8	6	6	7
b5	2	0.06	6841.72	17	16	6	1	2
b6	2	0.06	6841.72	18	1	NA	NA	NA
b6	2	0.06	6841.72	18	2	45	19	22
b6	2	0.06	6841.72	18	4	33	10	15
b6	2	0.06	6841.72	18	8	9	3	1
b6	2	0.06	6841.72	18	16	0	2	0
b7	2	0.06	6841.72	19	1	NA	NA	NA
b7	2	0.06	6841.72	19	2	30	48	37
b7	2	0.06	6841.72	19	4	15	20	23
b7	2	0.06	6841.72	19	8	6	14	9
b7	2	0.06	6841.72	19	16	2	3	6
b8	2	0.06	6841.72	20	1	NA	NA	NA
b8	2	0.06	6841.72	20	2	22	26	24
b8	2	0.06	6841.72	20	4	21	6	19
b8	2	0.06	6841.72	20	8	4	3	2
b8	2	0.06	6841.72	20	16	2	5	3
b9	2	0.06	6841.72	21	1	NA	NA	NA
b9	2	0.06	6841.72	21	2	26	18	15
b9	2	0.06	6841.72	21	4	13	13	7
b9	2	0.06	6841.72	21	8	2	4	3
b9	2	0.06	6841.72	21	16	2	2	5
b10	2	0.06	6841.72	22	1	NA	NA	NA
b10	2	0.06	6841.72	22	2	21	26	23
b10	2	0.06	6841.72	22	4	6	8	8
b10	2	0.06	6841.72	22	8	3	0	2
b10	2	0.06	6841.72	22	16	2	1	2
b11	2	0.06	6841.72	23	1	NA	NA	NA
b11	2	0.06	6841.72	23	2	38	48	42
b11	2	0.06	6841.72	23	4	20	17	18
b11	2	0.06	6841.72	23	8	8	7	9
b11	2	0.06	6841.72	23	16	8	2	5
b12	2	0.06	6841.72	24	1	NA	NA	NA
b12	2	0.06	6841.72	24	2	39	19	17
b12	2	0.06	6841.72	24	4	18	6	8
b12	2	0.06	6841.72	24	8	9	9	6
b12	2	0.06	6841.72	24	16	1	2	2
g1	1	0.6	68417.18	25	1	NA	NA	NA
g1	1	0.6	68417.18	25	5	38	32	25
g1	1	0.6	68417.18	25	25	8	8	9
g1	1	0.6	68417.18	25	125	0	3	1
g1	1	0.6	68417.18	25	625	0	1	0
g2	1	0.6	68417.18	26	1	NA	NA	NA
g2	1	0.6	68417.18	26	5	NA	NA	NA
g2	1	0.6	68417.18	26	25	22	17	21
g2	1	0.6	68417.18	26	125	3	2	1
g2	1	0.6	68417.18	26	625	0	0	1
g3	1	0.6	68417.18	27	1	NA	NA	NA
g3	1	0.6	68417.18	27	5	45	42	27
g3	1	0.6	68417.18	27	25	7	11	9
g3	1	0.6	68417.18	27	125	0	0	1
g3	1	0.6	68417.18	27	625	0	0	0
g4	1	0.6	68417.18	28	1	NA	NA	NA
g4	1	0.6	68417.18	28	5	43	41	30
g4	1	0.6	68417.18	28	25	5	6	10
g4	1	0.6	68417.18	28	125	1	2	1
g4	1	0.6	68417.18	28	625	0	0	0
g5	1	0.6	68417.18	29	1	NA	NA	NA
g5	1	0.6	68417.18	29	5	NA	NA	NA
g5	1	0.6	68417.18	29	25	21	14	13
g5	1	0.6	68417.18	29	125	3	5	5
g5	1	0.6	68417.18	29	625	1	0	1
g6	1	0.6	68417.18	30	1	NA	NA	NA
g6	1	0.6	68417.18	30	5	NA	NA	NA
g6	1	0.6	68417.18	30	25	15	14	13
g6	1	0.6	68417.18	30	125	6	2	4
g6	1	0.6	68417.18	30	625	1	0	1
g7	1	0.6	68417.18	31	1	NA	NA	NA
g7	1	0.6	68417.18	31	5	30	30	28
g7	1	0.6	68417.18	31	25	5	4	5
g7	1	0.6	68417.18	31	125	0	2	1
g7	1	0.6	68417.18	31	625	0	0	0
g8	1	0.6	68417.18	32	1	NA	NA	NA
g8	1	0.6	68417.18	32	5	29	30	34
g8	1	0.6	68417.18	32	25	5	7	5
g8	1	0.6	68417.18	32	125	1	2	1
g8	1	0.6	68417.18	32	625	0	0	1
g9	1	0.6	68417.18	33	1	NA	NA	NA
g9	1	0.6	68417.18	33	5	NA	NA	NA
g9	1	0.6	68417.18	33	25	13	16	17
g9	1	0.6	68417.18	33	125	1	4	3
g9	1	0.6	68417.18	33	625	0	4	1
g10	1	0.6	68417.18	34	1	NA	NA	NA
g10	1	0.6	68417.18	34	5	35	40	38
g10	1	0.6	68417.18	34	25	9	9	7
g10	1	0.6	68417.18	34	125	2	0	1
g10	1	0.6	68417.18	34	625	0	2	0
g11	1	0.6	68417.18	35	1	NA	NA	NA
g11	1	0.6	68417.18	35	5	36	33	43
g11	1	0.6	68417.18	35	25	8	8	10
g11	1	0.6	68417.18	35	125	1	0	1
g11	1	0.6	68417.18	35	625	0	0	0
g12	1	0.6	68417.18	36	1	NA	NA	NA
g12	1	0.6	68417.18	36	5	39	40	47
g12	1	0.6	68417.18	36	25	10	7	8
g12	1	0.6	68417.18	36	125	0	1	1
g12	1	0.6	68417.18	36	625	0	1	0
b1	1	6	684171.78	37	1	NA	NA	NA
b1	1	6	684171.78	37	5	NA	NA	NA
b1	1	6	684171.78	37	25	33	32	28
b1	1	6	684171.78	37	125	5	5	4
b1	1	6	684171.78	37	625	0	2	0
b2	1	6	684171.78	38	1	NA	NA	NA
b2	1	6	684171.78	38	5	NA	NA	NA
b2	1	6	684171.78	38	25	16	11	8
b2	1	6	684171.78	38	125	4	4	2
b2	1	6	684171.78	38	625	2	0	1
b3	1	6	684171.78	39	1	NA	NA	NA
b3	1	6	684171.78	39	5	NA	NA	NA
b3	1	6	684171.78	39	25	38	51	45
b3	1	6	684171.78	39	125	8	8	11
b3	1	6	684171.78	39	625	1	1	7
b4	1	6	684171.78	40	1	NA	NA	NA
b4	1	6	684171.78	40	5	NA	NA	NA
b4	1	6	684171.78	40	25	55	40	44
b4	1	6	684171.78	40	125	4	13	14
b4	1	6	684171.78	40	625	2	1	0
b5	1	6	684171.78	41	1	NA	NA	NA
b5	1	6	684171.78	41	5	NA	NA	NA
b5	1	6	684171.78	41	25	33	40	38
b5	1	6	684171.78	41	125	5	12	4
b5	1	6	684171.78	41	625	2	2	0
b6	1	6	684171.78	42	1	NA	NA	NA
b6	1	6	684171.78	42	5	NA	NA	NA
b6	1	6	684171.78	42	25	23	18	15
b6	1	6	684171.78	42	125	5	5	3
b6	1	6	684171.78	42	625	1	0	1
b7	1	6	684171.78	43	1	NA	NA	NA
b7	1	6	684171.78	43	5	NA	NA	NA
b7	1	6	684171.78	43	25	46	62	44
b7	1	6	684171.78	43	125	7	6	12
b7	1	6	684171.78	43	625	2	3	2
b8	1	6	684171.78	44	1	NA	NA	NA
b8	1	6	684171.78	44	5	NA	NA	NA
b8	1	6	684171.78	44	25	23	18	15
b8	1	6	684171.78	44	125	5	5	3
b8	1	6	684171.78	44	625	1	0	1
b9	1	6	684171.78	45	1	NA	NA	NA
b9	1	6	684171.78	45	5	NA	NA	NA
b9	1	6	684171.78	45	25	45	53	62
b9	1	6	684171.78	45	125	6	8	13
b9	1	6	684171.78	45	625	1	3	1
b10	1	6	684171.78	46	1	NA	NA	NA
b10	1	6	684171.78	46	5	NA	NA	NA
b10	1	6	684171.78	46	25	48	49	45
b10	1	6	684171.78	46	125	12	9	8
b10	1	6	684171.78	46	625	6	3	3
b11	1	6	684171.78	47	1	NA	NA	NA
b11	1	6	684171.78	47	5	NA	NA	NA
b11	1	6	684171.78	47	25	35	59	37
b11	1	6	684171.78	47	125	5	12	11
b11	1	6	684171.78	47	625	2	4	3
b12	1	6	684171.78	48	1	NA	NA	NA
b12	1	6	684171.78	48	5	50	72	61
b12	1	6	684171.78	48	25	7	9	6
b12	1	6	684171.78	48	125	1	4	1
b12	1	6	684171.78	48	625	1	0	1