Well	Number	Plate	OD	Sex	pred_conc	Fly 	DF	A	B	C
B	1	1	0.006	m	684.17	1	1	11	17	12
B	1	1	0.006	m	684.17	1	2	10	8	9
B	1	1	0.006	m	684.17	1	4	0	4	2
B	1	1	0.006	m	684.17	1	8	0	3	0
B	1	1	0.006	m	684.17	1	16	0	0	2
B	2	1	0.006	m	684.17	2	1	16	12	15
B	2	1	0.006	m	684.17	2	2	7	5	5
B	2	1	0.006	m	684.17	2	4	5	5	3
B	2	1	0.006	m	684.17	2	8	1	0	4
B	2	1	0.006	m	684.17	2	16	0	1	0
B	3	1	0.006	m	684.17	3	1	9	8	10
B	3	1	0.006	m	684.17	3	2	4	2	3
B	3	1	0.006	m	684.17	3	4	0	0	4
B	3	1	0.006	m	684.17	3	8	1	0	0
B	3	1	0.006	m	684.17	3	16	1	0	1
B	4	1	0.006	m	684.17	4	1	2	6	6
B	4	1	0.006	m	684.17	4	2	0	2	2
B	4	1	0.006	m	684.17	4	4	1	2	0
B	4	1	0.006	m	684.17	4	8	1	1	0
B	4	1	0.006	m	684.17	4	16	0	0	0
B	5	1	0.006	m	684.17	5	1	10	9	11
B	5	1	0.006	m	684.17	5	2	7	3	4
B	5	1	0.006	m	684.17	5	4	4	0	5
B	5	1	0.006	m	684.17	5	8	1	1	1
B	5	1	0.006	m	684.17	5	16	0	0	0
B	6	1	0.006	m	684.17	6	1	15	5	6
B	6	1	0.006	m	684.17	6	2	1	4	9
B	6	1	0.006	m	684.17	6	4	2	4	3
B	6	1	0.006	m	684.17	6	8	2	1	2
B	6	1	0.006	m	684.17	6	16	0	0	1
B	7	1	0.006	m	684.17	7	1	5	10	7
B	7	1	0.006	m	684.17	7	2	4	6	6
B	7	1	0.006	m	684.17	7	4	3	0	0
B	7	1	0.006	m	684.17	7	8	0	1	0
B	7	1	0.006	m	684.17	7	16	0	1	0
B	8	1	0.006	m	684.17	8	1	10	7	12
B	8	1	0.006	m	684.17	8	2	5	1	8
B	8	1	0.006	m	684.17	8	4	3	4	0
B	8	1	0.006	m	684.17	8	8	2	2	0
B	8	1	0.006	m	684.17	8	16	1	1	0
B	9	1	0.006	m	684.17	9	1	14	15	8
B	9	1	0.006	m	684.17	9	2	5	4	13
B	9	1	0.006	m	684.17	9	4	2	1	4
B	9	1	0.006	m	684.17	9	8	1	0	2
B	9	1	0.006	m	684.17	9	16	0	1	0
B	10	1	0.006	m	684.17	10	1	8	16	5
B	10	1	0.006	m	684.17	10	2	4	5	3
B	10	1	0.006	m	684.17	10	4	1	1	0
B	10	1	0.006	m	684.17	10	8	1	2	0
B	10	1	0.006	m	684.17	10	16	2	0	0
B	11	1	0.006	m	684.17	11	1	11	8	2
B	11	1	0.006	m	684.17	11	2	3	5	5
B	11	1	0.006	m	684.17	11	4	3	2	1
B	11	1	0.006	m	684.17	11	8	0	1	1
B	11	1	0.006	m	684.17	11	16	1	0	0
B	12	1	0.006	m	684.17	12	1	12	18	14
B	12	1	0.006	m	684.17	12	2	7	8	6
B	12	1	0.006	m	684.17	12	4	3	4	6
B	12	1	0.006	m	684.17	12	8	3	3	6
B	12	1	0.006	m	684.17	12	16	0	1	0
G	1	1	0.006	f	684.17	13	1	5	10	5
G	1	1	0.006	f	684.17	13	2	2	3	1
G	1	1	0.006	f	684.17	13	4	1	1	3
G	1	1	0.006	f	684.17	13	8	0	2	0
G	1	1	0.006	f	684.17	13	16	1	0	0
G	2	1	0.006	f	684.17	14	1	11	8	17
G	2	1	0.006	f	684.17	14	2	5	2	5
G	2	1	0.006	f	684.17	14	4	3	0	3
G	2	1	0.006	f	684.17	14	8	1	0	3
G	2	1	0.006	f	684.17	14	16	0	0	1
G	3	1	0.006	f	684.17	15	1	4	3	3
G	3	1	0.006	f	684.17	15	2	1	1	0
G	3	1	0.006	f	684.17	15	4	0	0	1
G	3	1	0.006	f	684.17	15	8	1	1	1
G	3	1	0.006	f	684.17	15	16	0	0	0
G	4	1	0.006	f	684.17	16	1	8	9	13
G	4	1	0.006	f	684.17	16	2	7	6	2
G	4	1	0.006	f	684.17	16	4	4	1	1
G	4	1	0.006	f	684.17	16	8	0	0	0
G	4	1	0.006	f	684.17	16	16	0	0	2
G	5	1	0.006	f	684.17	17	1	16	12	10
G	5	1	0.006	f	684.17	17	2	5	3	9
G	5	1	0.006	f	684.17	17	4	3	7	2
G	5	1	0.006	f	684.17	17	8	3	0	1
G	5	1	0.006	f	684.17	17	16	3	2	0
G	6	1	0.006	f	684.17	18	1	15	15	9
G	6	1	0.006	f	684.17	18	2	7	7	5
G	6	1	0.006	f	684.17	18	4	4	5	5
G	6	1	0.006	f	684.17	18	8	1	0	2
G	6	1	0.006	f	684.17	18	16	2	2	1
G	7	1	0.006	f	684.17	19	1	12	11	6
G	7	1	0.006	f	684.17	19	2	10	7	5
G	7	1	0.006	f	684.17	19	4	4	2	1
G	7	1	0.006	f	684.17	19	8	0	0	1
G	7	1	0.006	f	684.17	19	16	0	3	1
G	8	1	0.006	f	684.17	20	1	11	9	13
G	8	1	0.006	f	684.17	20	2	3	5	7
G	8	1	0.006	f	684.17	20	4	5	5	2
G	8	1	0.006	f	684.17	20	8	1	1	1
G	8	1	0.006	f	684.17	20	16	1	0	0
G	9	1	0.006	f	684.17	21	1	1	2	2
G	9	1	0.006	f	684.17	21	2	1	2	2
G	9	1	0.006	f	684.17	21	4	0	0	0
G	9	1	0.006	f	684.17	21	8	0	0	0
G	9	1	0.006	f	684.17	21	16	0	0	0
G	10	1	0.006	f	684.17	22	1	7	11	13
G	10	1	0.006	f	684.17	22	2	7	3	0
G	10	1	0.006	f	684.17	22	4	1	3	3
G	10	1	0.006	f	684.17	22	8	3	1	0
G	10	1	0.006	f	684.17	22	16	2	0	0
G	11	1	0.006	f	684.17	23	1	8	8	9
G	11	1	0.006	f	684.17	23	2	3	6	2
G	11	1	0.006	f	684.17	23	4	0	2	1
G	11	1	0.006	f	684.17	23	8	0	0	3
G	11	1	0.006	f	684.17	23	16	0	0	1
G	12	1	0.006	f	684.17	24	1	18	14	12
G	12	1	0.006	f	684.17	24	2	6	6	2
G	12	1	0.006	f	684.17	24	4	4	3	4
G	12	1	0.006	f	684.17	24	8	0	2	0
G	12	1	0.006	f	684.17	24	16	1	0	0
B	1	2	0.06	m	6841.72	25	1	54	54	53
B	1	2	0.06	m	6841.72	25	2	31	34	23
B	1	2	0.06	m	6841.72	25	4	16	23	19
B	1	2	0.06	m	6841.72	25	8	10	6	9
B	1	2	0.06	m	6841.72	25	16	2	4	2
B	2	2	0.06	m	6841.72	26	1	65	52	59
B	2	2	0.06	m	6841.72	26	2	36	28	45
B	2	2	0.06	m	6841.72	26	4	27	24	25
B	2	2	0.06	m	6841.72	26	8	7	6	11
B	2	2	0.06	m	6841.72	26	16	2	2	2
B	3	2	0.06	m	6841.72	27	1	NA	NA	NA
B	3	2	0.06	m	6841.72	27	2	38	39	45
B	3	2	0.06	m	6841.72	27	4	26	38	14
B	3	2	0.06	m	6841.72	27	8	5	10	13
B	3	2	0.06	m	6841.72	27	16	10	7	5
B	4	2	0.06	m	6841.72	28	1	NA	NA	NA
B	4	2	0.06	m	6841.72	28	2	46	48	46
B	4	2	0.06	m	6841.72	28	4	30	12	24
B	4	2	0.06	m	6841.72	28	8	7	12	9
B	4	2	0.06	m	6841.72	28	16	6	5	10
B	5	2	0.06	m	6841.72	29	1	31	26	38
B	5	2	0.06	m	6841.72	29	2	13	19	21
B	5	2	0.06	m	6841.72	29	4	5	11	9
B	5	2	0.06	m	6841.72	29	8	4	3	2
B	5	2	0.06	m	6841.72	29	16	1	4	4
B	6	2	0.06	m	6841.72	30	1	NA	NA	NA
B	6	2	0.06	m	6841.72	30	2	39	40	33
B	6	2	0.06	m	6841.72	30	4	13	21	16
B	6	2	0.06	m	6841.72	30	8	9	2	10
B	6	2	0.06	m	6841.72	30	16	5	3	1
B	7	2	0.06	m	6841.72	31	1	NA	NA	NA
B	7	2	0.06	m	6841.72	31	2	26	20	26
B	7	2	0.06	m	6841.72	31	4	9	12	7
B	7	2	0.06	m	6841.72	31	8	5	9	11
B	7	2	0.06	m	6841.72	31	16	5	3	10
B	8	2	0.06	m	6841.72	32	1	NA	NA	NA
B	8	2	0.06	m	6841.72	32	2	36	37	38
B	8	2	0.06	m	6841.72	32	4	20	19	18
B	8	2	0.06	m	6841.72	32	8	8	11	3
B	8	2	0.06	m	6841.72	32	16	4	6	5
B	9	2	0.06	m	6841.72	33	1	NA	NA	NA
B	9	2	0.06	m	6841.72	33	2	42	47	46
B	9	2	0.06	m	6841.72	33	4	24	22	21
B	9	2	0.06	m	6841.72	33	8	7	9	11
B	9	2	0.06	m	6841.72	33	16	4	5	4
B	10	2	0.06	m	6841.72	34	1	NA	NA	NA
B	10	2	0.06	m	6841.72	34	2	29	23	21
B	10	2	0.06	m	6841.72	34	4	13	13	7
B	10	2	0.06	m	6841.72	34	8	4	9	2
B	10	2	0.06	m	6841.72	34	16	1	0	1
B	11	2	0.06	m	6841.72	35	1	49	48	45
B	11	2	0.06	m	6841.72	35	2	26	22	16
B	11	2	0.06	m	6841.72	35	4	13	13	7
B	11	2	0.06	m	6841.72	35	8	6	8	3
B	11	2	0.06	m	6841.72	35	16	3	2	2
B	12	2	0.06	m	6841.72	36	1	41	37	22
B	12	2	0.06	m	6841.72	36	2	19	8	12
B	12	2	0.06	m	6841.72	36	4	7	2	6
B	12	2	0.06	m	6841.72	36	8	3	1	1
B	12	2	0.06	m	6841.72	36	16	0	1	0
G	1	2	0.06	f	6841.72	37	1	NA	NA	NA
G	1	2	0.06	f	6841.72	37	2	20	23	13
G	1	2	0.06	f	6841.72	37	4	6	9	10
G	1	2	0.06	f	6841.72	37	8	1	3	4
G	1	2	0.06	f	6841.72	37	16	0	4	2
G	2	2	0.06	f	6841.72	38	1	NA	NA	NA
G	2	2	0.06	f	6841.72	38	2	24	25	27
G	2	2	0.06	f	6841.72	38	4	11	17	17
G	2	2	0.06	f	6841.72	38	8	5	9	9
G	2	2	0.06	f	6841.72	38	16	2	5	5
G	3	2	0.06	f	6841.72	39	1	NA	NA	NA
G	3	2	0.06	f	6841.72	39	2	22	25	34
G	3	2	0.06	f	6841.72	39	4	16	16	13
G	3	2	0.06	f	6841.72	39	8	4	6	4
G	3	2	0.06	f	6841.72	39	16	4	5	2
G	4	2	0.06	f	6841.72	40	1	NA	NA	NA
G	4	2	0.06	f	6841.72	40	2	31	44	31
G	4	2	0.06	f	6841.72	40	4	23	28	14
G	4	2	0.06	f	6841.72	40	8	10	10	4
G	4	2	0.06	f	6841.72	40	16	4	2	1
G	5	2	0.06	f	6841.72	41	1	NA	NA	NA
G	5	2	0.06	f	6841.72	41	2	33	33	26
G	5	2	0.06	f	6841.72	41	4	13	21	12
G	5	2	0.06	f	6841.72	41	8	15	3	8
G	5	2	0.06	f	6841.72	41	16	2	3	2
G	6	2	0.06	f	6841.72	42	1	NA	NA	NA
G	6	2	0.06	f	6841.72	42	2	22	23	34
G	6	2	0.06	f	6841.72	42	4	25	17	12
G	6	2	0.06	f	6841.72	42	8	10	4	4
G	6	2	0.06	f	6841.72	42	16	3	4	3
G	7	2	0.06	f	6841.72	43	1	NA	NA	NA
G	7	2	0.06	f	6841.72	43	2	49	49	45
G	7	2	0.06	f	6841.72	43	4	34	25	23
G	7	2	0.06	f	6841.72	43	8	8	10	15
G	7	2	0.06	f	6841.72	43	16	6	9	8
G	8	2	0.06	f	6841.72	44	1	NA	NA	NA
G	8	2	0.06	f	6841.72	44	2	34	34	32
G	8	2	0.06	f	6841.72	44	4	20	21	20
G	8	2	0.06	f	6841.72	44	8	9	15	11
G	8	2	0.06	f	6841.72	44	16	7	6	8
G	9	2	0.06	f	6841.72	45	1	NA	NA	NA
G	9	2	0.06	f	6841.72	45	2	51	47	NA
G	9	2	0.06	f	6841.72	45	4	30	34	33
G	9	2	0.06	f	6841.72	45	8	14	13	22
G	9	2	0.06	f	6841.72	45	16	10	12	6
G	10	2	0.06	f	6841.72	46	1	NA	NA	NA
G	10	2	0.06	f	6841.72	46	2	NA	NA	NA
G	10	2	0.06	f	6841.72	46	4	37	32	25
G	10	2	0.06	f	6841.72	46	8	19	9	15
G	10	2	0.06	f	6841.72	46	16	5	8	7
G	11	2	0.06	f	6841.72	47	1	NA	NA	NA
G	11	2	0.06	f	6841.72	47	2	41	43	39
G	11	2	0.06	f	6841.72	47	4	24	24	13
G	11	2	0.06	f	6841.72	47	8	11	8	8
G	11	2	0.06	f	6841.72	47	16	3	4	2
G	12	2	0.06	f	6841.72	48	1	NA	NA	NA
G	12	2	0.06	f	6841.72	48	2	NA	NA	NA
G	12	2	0.06	f	6841.72	48	4	29	25	26
G	12	2	0.06	f	6841.72	48	8	21	13	15
G	12	2	0.06	f	6841.72	48	16	10	12	7
B	1	3	0.6	m	68417.18	49	1	NA	NA	NA
B	1	3	0.6	m	68417.18	49	5	49	65	62
B	1	3	0.6	m	68417.18	49	25	13	12	19
B	1	3	0.6	m	68417.18	49	125	2	1	2
B	1	3	0.6	m	68417.18	49	625	3	2	1
B	2	3	0.6	m	68417.18	50	1	NA	NA	NA
B	2	3	0.6	m	68417.18	50	5	92	85	85
B	2	3	0.6	m	68417.18	50	25	25	13	17
B	2	3	0.6	m	68417.18	50	125	2	2	4
B	2	3	0.6	m	68417.18	50	625	1	0	1
B	3	3	0.6	m	68417.18	51	1	NA	NA	NA
B	3	3	0.6	m	68417.18	51	5	31	34	28
B	3	3	0.6	m	68417.18	51	25	3	4	5
B	3	3	0.6	m	68417.18	51	125	0	2	1
B	3	3	0.6	m	68417.18	51	625	0	0	0
B	4	3	0.6	m	68417.18	52	1	NA	NA	NA
B	4	3	0.6	m	68417.18	52	5	NA	NA	NA
B	4	3	0.6	m	68417.18	52	25	26	32	30
B	4	3	0.6	m	68417.18	52	125	3	5	4
B	4	3	0.6	m	68417.18	52	625	2	2	2
B	5	3	0.6	m	68417.18	53	1	NA	NA	NA
B	5	3	0.6	m	68417.18	53	5	NA	NA	NA
B	5	3	0.6	m	68417.18	53	25	30	36	40
B	5	3	0.6	m	68417.18	53	125	8	12	6
B	5	3	0.6	m	68417.18	53	625	1	0	2
B	6	3	0.6	m	68417.18	54	1	NA	NA	NA
B	6	3	0.6	m	68417.18	54	5	NA	NA	NA
B	6	3	0.6	m	68417.18	54	25	23	20	25
B	6	3	0.6	m	68417.18	54	125	6	9	7
B	6	3	0.6	m	68417.18	54	625	0	1	1
B	7	3	0.6	m	68417.18	55	1	NA	NA	NA
B	7	3	0.6	m	68417.18	55	5	NA	NA	NA
B	7	3	0.6	m	68417.18	55	25	24	28	29
B	7	3	0.6	m	68417.18	55	125	6	4	10
B	7	3	0.6	m	68417.18	55	625	1	1	2
B	8	3	0.6	m	68417.18	56	1	NA	NA	NA
B	8	3	0.6	m	68417.18	56	5	NA	NA	NA
B	8	3	0.6	m	68417.18	56	25	24	44	19
B	8	3	0.6	m	68417.18	56	125	4	8	5
B	8	3	0.6	m	68417.18	56	625	0	0	0
B	9	3	0.6	m	68417.18	57	1	NA	NA	NA
B	9	3	0.6	m	68417.18	57	5	NA	NA	NA
B	9	3	0.6	m	68417.18	57	25	29	28	31
B	9	3	0.6	m	68417.18	57	125	5	4	7
B	9	3	0.6	m	68417.18	57	625	2	3	1
B	10	3	0.6	m	68417.18	58	1	NA	NA	NA
B	10	3	0.6	m	68417.18	58	5	NA	NA	NA
B	10	3	0.6	m	68417.18	58	25	41	36	29
B	10	3	0.6	m	68417.18	58	125	6	4	7
B	10	3	0.6	m	68417.18	58	625	3	3	2
B	11	3	0.6	m	68417.18	59	1	NA	NA	NA
B	11	3	0.6	m	68417.18	59	5	NA	NA	NA
B	11	3	0.6	m	68417.18	59	25	24	28	29
B	11	3	0.6	m	68417.18	59	125	5	4	4
B	11	3	0.6	m	68417.18	59	625	1	0	0
B	12	3	0.6	m	68417.18	60	1	NA	NA	NA
B	12	3	0.6	m	68417.18	60	5	NA	NA	NA
B	12	3	0.6	m	68417.18	60	25	29	29	17
B	12	3	0.6	m	68417.18	60	125	3	3	2
B	12	3	0.6	m	68417.18	60	625	2	1	0
G	1	3	0.6	f	68417.18	61	1	NA	NA	NA
G	1	3	0.6	f	68417.18	61	5	NA	NA	NA
G	1	3	0.6	f	68417.18	61	25	18	17	11
G	1	3	0.6	f	68417.18	61	125	1	5	3
G	1	3	0.6	f	68417.18	61	625	1	0	1
G	2	3	0.6	f	68417.18	62	1	NA	NA	NA
G	2	3	0.6	f	68417.18	62	5	NA	NA	NA
G	2	3	0.6	f	68417.18	62	25	23	21	14
G	2	3	0.6	f	68417.18	62	125	7	7	4
G	2	3	0.6	f	68417.18	62	625	1	1	0
G	3	3	0.6	f	68417.18	63	1	NA	NA	NA
G	3	3	0.6	f	68417.18	63	5	NA	NA	NA
G	3	3	0.6	f	68417.18	63	25	28	21	21
G	3	3	0.6	f	68417.18	63	125	1	3	6
G	3	3	0.6	f	68417.18	63	625	1	0	3
G	4	3	0.6	f	68417.18	64	1	NA	NA	NA
G	4	3	0.6	f	68417.18	64	5	NA	NA	NA
G	4	3	0.6	f	68417.18	64	25	26	21	44
G	4	3	0.6	f	68417.18	64	125	5	3	11
G	4	3	0.6	f	68417.18	64	625	1	3	0
G	5	3	0.6	f	68417.18	65	1	NA	NA	NA
G	5	3	0.6	f	68417.18	65	5	NA	NA	NA
G	5	3	0.6	f	68417.18	65	25	27	22	24
G	5	3	0.6	f	68417.18	65	125	5	5	2
G	5	3	0.6	f	68417.18	65	625	3	1	0
G	6	3	0.6	f	68417.18	66	1	NA	NA	NA
G	6	3	0.6	f	68417.18	66	5	NA	NA	NA
G	6	3	0.6	f	68417.18	66	25	35	37	30
G	6	3	0.6	f	68417.18	66	125	10	11	4
G	6	3	0.6	f	68417.18	66	625	1	2	1
G	7	3	0.6	f	68417.18	67	1	NA	NA	NA
G	7	3	0.6	f	68417.18	67	5	NA	NA	NA
G	7	3	0.6	f	68417.18	67	25	27	27	22
G	7	3	0.6	f	68417.18	67	125	7	6	3
G	7	3	0.6	f	68417.18	67	625	0	3	0
G	8	3	0.6	f	68417.18	68	1	NA	NA	NA
G	8	3	0.6	f	68417.18	68	5	NA	NA	NA
G	8	3	0.6	f	68417.18	68	25	19	22	28
G	8	3	0.6	f	68417.18	68	125	7	4	4
G	8	3	0.6	f	68417.18	68	625	1	0	3
G	9	3	0.6	f	68417.18	69	1	NA	NA	NA
G	9	3	0.6	f	68417.18	69	5	NA	NA	NA
G	9	3	0.6	f	68417.18	69	25	37	40	30
G	9	3	0.6	f	68417.18	69	125	1	5	5
G	9	3	0.6	f	68417.18	69	625	1	1	2
G	10	3	0.6	f	68417.18	70	1	NA	NA	NA
G	10	3	0.6	f	68417.18	70	5	NA	NA	NA
G	10	3	0.6	f	68417.18	70	25	33	29	41
G	10	3	0.6	f	68417.18	70	125	12	9	5
G	10	3	0.6	f	68417.18	70	625	1	0	1
G	11	3	0.6	f	68417.18	71	1	NA	NA	NA
G	11	3	0.6	f	68417.18	71	5	NA	NA	NA
G	11	3	0.6	f	68417.18	71	25	26	27	29
G	11	3	0.6	f	68417.18	71	125	6	6	8
G	11	3	0.6	f	68417.18	71	625	0	0	0
G	12	3	0.6	f	68417.18	72	1	NA	NA	NA
G	12	3	0.6	f	68417.18	72	5	NA	NA	NA
G	12	3	0.6	f	68417.18	72	25	24	31	28
G	12	3	0.6	f	68417.18	72	125	7	9	2
G	12	3	0.6	f	68417.18	72	625	3	0	1
B	1	4	6	m	684171.78	73	1	57	68	72
B	1	4	6	m	684171.78	73	5	9	10	9
B	1	4	6	m	684171.78	73	25	0	1	1
B	1	4	6	m	684171.78	73	125	0	0	0
B	1	4	6	m	684171.78	73	625	0	0	0
B	2	4	6	m	684171.78	74	1	0	0	0
B	2	4	6	m	684171.78	74	5	0	0	0
B	2	4	6	m	684171.78	74	25	0	0	0
B	2	4	6	m	684171.78	74	125	0	0	0
B	2	4	6	m	684171.78	74	625	0	0	0
B	3	4	6	m	684171.78	75	1	NA	NA	NA
B	3	4	6	m	684171.78	75	5	34	29	35
B	3	4	6	m	684171.78	75	25	7	2	5
B	3	4	6	m	684171.78	75	125	1	1	0
B	3	4	6	m	684171.78	75	625	0	0	0
B	4	4	6	m	684171.78	76	1	NA	NA	NA
B	4	4	6	m	684171.78	76	5	NA	NA	NA
B	4	4	6	m	684171.78	76	25	32	31	23
B	4	4	6	m	684171.78	76	125	8	5	6
B	4	4	6	m	684171.78	76	625	2	2	1
B	5	4	6	m	684171.78	77	1	NA	NA	NA
B	5	4	6	m	684171.78	77	5	20	17	0
B	5	4	6	m	684171.78	77	25	6	3	1
B	5	4	6	m	684171.78	77	125	0	0	0
B	5	4	6	m	684171.78	77	625	0	0	0
B	6	4	6	m	684171.78	78	1	0	0	0
B	6	4	6	m	684171.78	78	5	0	0	0
B	6	4	6	m	684171.78	78	25	0	0	0
B	6	4	6	m	684171.78	78	125	0	0	0
B	6	4	6	m	684171.78	78	625	0	0	0
B	7	4	6	m	684171.78	79	1	NA	NA	NA
B	7	4	6	m	684171.78	79	5	NA	NA	NA
B	7	4	6	m	684171.78	79	25	113	89	105
B	7	4	6	m	684171.78	79	125	28	22	24
B	7	4	6	m	684171.78	79	625	4	7	1
B	8	4	6	m	684171.78	80	1	NA	NA	NA
B	8	4	6	m	684171.78	80	5	NA	NA	NA
B	8	4	6	m	684171.78	80	25	47	36	34
B	8	4	6	m	684171.78	80	125	6	8	7
B	8	4	6	m	684171.78	80	625	3	2	0
B	9	4	6	m	684171.78	81	1	NA	NA	NA
B	9	4	6	m	684171.78	81	5	NA	NA	NA
B	9	4	6	m	684171.78	81	25	48	58	61
B	9	4	6	m	684171.78	81	125	12	14	11
B	9	4	6	m	684171.78	81	625	1	1	2
B	10	4	6	m	684171.78	82	1	NA	NA	NA
B	10	4	6	m	684171.78	82	5	NA	NA	NA
B	10	4	6	m	684171.78	82	25	59	61	65
B	10	4	6	m	684171.78	82	125	21	8	13
B	10	4	6	m	684171.78	82	625	7	2	2
B	11	4	6	m	684171.78	83	1	NA	NA	NA
B	11	4	6	m	684171.78	83	5	NA	NA	NA
B	11	4	6	m	684171.78	83	25	59	61	57
B	11	4	6	m	684171.78	83	125	7	10	8
B	11	4	6	m	684171.78	83	625	1	3	6
B	12	4	6	m	684171.78	84	1	NA	NA	NA
B	12	4	6	m	684171.78	84	5	NA	NA	NA
B	12	4	6	m	684171.78	84	25	90	67	78
B	12	4	6	m	684171.78	84	125	23	13	22
B	12	4	6	m	684171.78	84	625	4	3	3
G	1	4	6	f	684171.78	85	1	NA	NA	NA
G	1	4	6	f	684171.78	85	5	NA	NA	NA
G	1	4	6	f	684171.78	85	25	85	85	74
G	1	4	6	f	684171.78	85	125	17	27	20
G	1	4	6	f	684171.78	85	625	4	4	1
G	2	4	6	f	684171.78	86	1	NA	NA	NA
G	2	4	6	f	684171.78	86	5	NA	NA	NA
G	2	4	6	f	684171.78	86	25	91	78	93
G	2	4	6	f	684171.78	86	125	25	26	10
G	2	4	6	f	684171.78	86	625	2	1	0
G	3	4	6	f	684171.78	87	1	NA	NA	NA
G	3	4	6	f	684171.78	87	5	NA	NA	NA
G	3	4	6	f	684171.78	87	25	32	36	31
G	3	4	6	f	684171.78	87	125	6	7	5
G	3	4	6	f	684171.78	87	625	0	2	3
G	4	4	6	f	684171.78	88	1	NA	NA	NA
G	4	4	6	f	684171.78	88	5	NA	NA	NA
G	4	4	6	f	684171.78	88	25	58	63	64
G	4	4	6	f	684171.78	88	125	11	13	23
G	4	4	6	f	684171.78	88	625	2	5	6
G	5	4	6	f	684171.78	89	1	46	33	37
G	5	4	6	f	684171.78	89	5	4	8	5
G	5	4	6	f	684171.78	89	25	0	0	0
G	5	4	6	f	684171.78	89	125	0	0	0
G	5	4	6	f	684171.78	89	625	0	0	0
G	6	4	6	f	684171.78	90	1	NA	NA	NA
G	6	4	6	f	684171.78	90	5	NA	NA	NA
G	6	4	6	f	684171.78	90	25	96	82	86
G	6	4	6	f	684171.78	90	125	25	24	33
G	6	4	6	f	684171.78	90	625	2	3	2
G	7	4	6	f	684171.78	91	1	NA	NA	NA
G	7	4	6	f	684171.78	91	5	NA	NA	NA
G	7	4	6	f	684171.78	91	25	NA	NA	NA
G	7	4	6	f	684171.78	91	125	25	26	31
G	7	4	6	f	684171.78	91	625	4	4	6
G	8	4	6	f	684171.78	92	1	NA	NA	NA
G	8	4	6	f	684171.78	92	5	NA	NA	NA
G	8	4	6	f	684171.78	92	25	NA	NA	NA
G	8	4	6	f	684171.78	92	125	28	18	31
G	8	4	6	f	684171.78	92	625	5	4	4
G	9	4	6	f	684171.78	93	1	NA	NA	NA
G	9	4	6	f	684171.78	93	5	NA	NA	NA
G	9	4	6	f	684171.78	93	25	NA	NA	NA
G	9	4	6	f	684171.78	93	125	28	27	21
G	9	4	6	f	684171.78	93	625	5	3	3
G	10	4	6	f	684171.78	94	1	NA	NA	NA
G	10	4	6	f	684171.78	94	5	NA	NA	NA
G	10	4	6	f	684171.78	94	25	NA	NA	NA
G	10	4	6	f	684171.78	94	125	23	30	30
G	10	4	6	f	684171.78	94	625	11	9	7
G	11	4	6	f	684171.78	95	1	NA	NA	NA
G	11	4	6	f	684171.78	95	5	NA	NA	NA
G	11	4	6	f	684171.78	95	25	NA	NA	NA
G	11	4	6	f	684171.78	95	125	24	21	21
G	11	4	6	f	684171.78	95	625	5	5	4
G	12	4	6	f	684171.78	96	1	NA	NA	NA
G	12	4	6	f	684171.78	96	5	NA	NA	NA
G	12	4	6	f	684171.78	96	25	NA	NA	NA
G	12	4	6	f	684171.78	96	125	35	38	32
G	12	4	6	f	684171.78	96	625	6	10	6